H	2	1024	"2023-03-14 15:18:59"	60	0.10
0	0
1	0
2	0
3	0
4	0
5	0
6	0
7	0
8	0
9	0
10	0
11	0
12	0
13	0
14	0
15	0
16	0
17	0
18	0
19	0
20	0
21	0
22	0
23	0
24	2
25	2
26	7
27	15
28	20
29	33
30	29
31	36
32	25
33	31
34	40
35	29
36	30
37	26
38	37
39	31
40	26
41	25
42	34
43	34
44	24
45	35
46	28
47	42
48	31
49	21
50	35
51	30
52	18
53	24
54	16
55	24
56	21
57	30
58	20
59	23
60	25
61	18
62	30
63	30
64	35
65	25
66	37
67	34
68	22
69	40
70	33
71	32
72	43
73	47
74	39
75	41
76	31
77	40
78	37
79	36
80	27
81	30
82	22
83	35
84	16
85	24
86	19
87	29
88	25
89	24
90	18
91	32
92	27
93	20
94	22
95	34
96	30
97	18
98	40
99	24
100	17
101	29
102	25
103	17
104	21
105	25
106	13
107	24
108	26
109	16
110	15
111	19
112	21
113	15
114	26
115	19
116	20
117	20
118	20
119	29
120	22
121	18
122	14
123	19
124	16
125	20
126	14
127	22
128	17
129	19
130	19
131	12
132	18
133	21
134	13
135	19
136	20
137	17
138	20
139	13
140	27
141	15
142	10
143	14
144	14
145	10
146	26
147	21
148	19
149	21
150	16
151	8
152	22
153	23
154	19
155	13
156	13
157	18
158	15
159	11
160	10
161	14
162	18
163	12
164	11
165	17
166	15
167	12
168	12
169	19
170	19
171	14
172	20
173	10
174	16
175	11
176	13
177	10
178	7
179	14
180	18
181	12
182	13
183	13
184	8
185	13
186	18
187	13
188	13
189	21
190	14
191	11
192	14
193	11
194	9
195	24
196	11
197	11
198	10
199	8
200	7
201	13
202	12
203	22
204	8
205	17
206	10
207	15
208	20
209	14
210	15
211	7
212	11
213	14
214	15
215	10
216	10
217	11
218	16
219	9
220	16
221	14
222	11
223	13
224	9
225	12
226	13
227	15
228	14
229	14
230	15
231	15
232	11
233	15
234	11
235	10
236	16
237	11
238	10
239	13
240	13
241	10
242	15
243	12
244	14
245	10
246	11
247	8
248	13
249	19
250	9
251	9
252	13
253	11
254	16
255	13
256	11
257	17
258	20
259	8
260	10
261	10
262	17
263	8
264	10
265	14
266	12
267	16
268	15
269	9
270	15
271	5
272	9
273	19
274	9
275	10
276	12
277	12
278	16
279	17
280	11
281	8
282	11
283	19
284	16
285	10
286	10
287	8
288	15
289	7
290	6
291	6
292	14
293	8
294	9
295	8
296	11
297	7
298	10
299	9
300	6
301	8
302	3
303	5
304	8
305	9
306	8
307	8
308	11
309	14
310	13
311	8
312	10
313	6
314	14
315	9
316	13
317	11
318	9
319	9
320	7
321	9
322	11
323	8
324	11
325	10
326	7
327	8
328	8
329	7
330	6
331	7
332	5
333	8
334	4
335	6
336	12
337	8
338	8
339	11
340	5
341	10
342	18
343	11
344	19
345	25
346	22
347	16
348	18
349	18
350	29
351	24
352	23
353	24
354	21
355	19
356	25
357	30
358	23
359	21
360	20
361	21
362	22
363	20
364	7
365	16
366	8
367	11
368	8
369	5
370	4
371	6
372	6
373	4
374	3
375	5
376	2
377	4
378	2
379	2
380	2
381	3
382	4
383	2
384	1
385	8
386	6
387	11
388	6
389	8
390	11
391	11
392	14
393	13
394	11
395	13
396	9
397	18
398	18
399	20
400	15
401	29
402	15
403	11
404	20
405	18
406	27
407	18
408	12
409	16
410	13
411	12
412	12
413	13
414	9
415	11
416	6
417	11
418	1
419	5
420	4
421	4
422	4
423	3
424	1
425	3
426	4
427	1
428	1
429	2
430	1
431	1
432	1
433	2
434	2
435	2
436	1
437	0
438	0
439	3
440	4
441	1
442	4
443	1
444	1
445	2
446	2
447	2
448	1
449	1
450	1
451	1
452	1
453	1
454	3
455	1
456	1
457	1
458	1
459	0
460	0
461	1
462	0
463	2
464	0
465	1
466	0
467	0
468	0
469	0
470	0
471	0
472	0
473	0
474	0
475	0
476	2
477	0
478	0
479	1
480	0
481	1
482	0
483	0
484	0
485	0
486	1
487	0
488	0
489	0
490	0
491	1
492	0
493	0
494	1
495	0
496	0
497	0
498	0
499	0
500	0
501	0
502	2
503	1
504	1
505	0
506	0
507	0
508	0
509	0
510	0
511	0
512	2
513	1
514	1
515	0
516	0
517	1
518	0
519	1
520	0
521	1
522	0
523	0
524	1
525	2
526	1
527	2
528	1
529	1
530	0
531	0
532	0
533	1
534	0
535	1
536	0
537	0
538	1
539	0
540	1
541	0
542	0
543	0
544	1
545	0
546	0
547	0
548	0
549	0
550	0
551	0
552	0
553	2
554	0
555	1
556	0
557	0
558	1
559	0
560	1
561	0
562	0
563	0
564	0
565	0
566	0
567	0
568	0
569	0
570	1
571	1
572	0
573	0
574	0
575	1
576	0
577	0
578	0
579	0
580	0
581	0
582	1
583	0
584	0
585	0
586	0
587	0
588	1
589	1
590	0
591	0
592	0
593	0
594	1
595	0
596	0
597	0
598	0
599	0
600	1
601	1
602	0
603	0
604	0
605	1
606	0
607	0
608	0
609	1
610	1
611	1
612	0
613	0
614	1
615	1
616	0
617	1
618	0
619	0
620	0
621	0
622	0
623	0
624	0
625	0
626	0
627	1
628	0
629	0
630	0
631	1
632	0
633	0
634	0
635	0
636	0
637	0
638	0
639	0
640	0
641	0
642	1
643	0
644	0
645	1
646	1
647	0
648	1
649	0
650	0
651	1
652	0
653	0
654	1
655	0
656	0
657	0
658	1
659	0
660	0
661	1
662	0
663	0
664	0
665	1
666	1
667	0
668	0
669	0
670	0
671	2
672	0
673	0
674	0
675	0
676	0
677	0
678	0
679	1
680	1
681	0
682	0
683	0
684	0
685	0
686	0
687	0
688	1
689	0
690	0
691	0
692	0
693	0
694	0
695	0
696	0
697	0
698	0
699	0
700	1
701	0
702	0
703	0
704	0
705	0
706	0
707	0
708	0
709	0
710	0
711	0
712	0
713	0
714	0
715	0
716	0
717	0
718	0
719	0
720	0
721	0
722	0
723	0
724	0
725	0
726	0
727	0
728	0
729	0
730	0
731	0
732	0
733	0
734	0
735	0
736	1
737	0
738	0
739	0
740	0
741	0
742	0
743	1
744	0
745	0
746	0
747	0
748	0
749	0
750	0
751	0
752	0
753	0
754	0
755	0
756	1
757	0
758	1
759	0
760	0
761	0
762	0
763	0
764	0
765	0
766	0
767	1
768	1
769	0
770	0
771	0
772	1
773	0
774	0
775	1
776	1
777	0
778	1
779	0
780	0
781	1
782	0
783	0
784	1
785	0
786	0
787	0
788	0
789	0
790	0
791	0
792	0
793	0
794	0
795	0
796	0
797	0
798	0
799	0
800	0
801	0
802	0
803	0
804	0
805	0
806	0
807	0
808	0
809	0
810	0
811	0
812	0
813	0
814	0
815	0
816	0
817	0
818	0
819	0
820	0
821	0
822	0
823	0
824	0
825	0
826	0
827	0
828	0
829	0
830	0
831	0
832	0
833	0
834	0
835	0
836	0
837	0
838	0
839	0
840	0
841	0
842	0
843	0
844	0
845	0
846	0
847	0
848	0
849	0
850	0
851	0
852	0
853	0
854	0
855	0
856	0
857	0
858	0
859	0
860	0
861	0
862	0
863	0
864	0
865	0
866	0
867	0
868	0
869	0
870	0
871	0
872	0
873	1
874	0
875	0
876	0
877	0
878	0
879	0
880	0
881	0
882	0
883	0
884	0
885	0
886	0
887	0
888	0
889	0
890	0
891	0
892	0
893	0
894	0
895	0
896	0
897	0
898	0
899	0
900	0
901	0
902	0
903	0
904	0
905	0
906	0
907	0
908	0
909	0
910	0
911	0
912	0
913	0
914	0
915	0
916	0
917	0
918	0
919	0
920	0
921	0
922	0
923	0
924	0
925	0
926	0
927	0
928	0
929	0
930	0
931	0
932	0
933	0
934	0
935	0
936	0
937	0
938	0
939	0
940	0
941	0
942	0
943	0
944	0
945	0
946	0
947	0
948	0
949	0
950	0
951	0
952	0
953	0
954	0
955	0
956	0
957	0
958	0
959	0
960	0
961	0
962	0
963	0
964	0
965	0
966	0
967	0
968	0
969	0
970	0
971	0
972	0
973	0
974	0
975	0
976	0
977	0
978	0
979	0
980	0
981	0
982	0
983	0
984	0
985	0
986	0
987	0
988	0
989	0
990	0
991	0
992	0
993	0
994	0
995	0
996	0
997	0
998	0
999	0
1000	0
1001	0
1002	0
1003	0
1004	0
1005	0
1006	0
1007	0
1008	0
1009	0
1010	0
1011	0
1012	0
1013	0
1014	0
1015	0
1016	0
1017	0
1018	0
1019	0
1020	0
1021	0
1022	0
1023	0
