H	2	1024	"2023-03-14 15:16:52"	60	1.02
0	0
1	0
2	0
3	0
4	0
5	0
6	0
7	0
8	0
9	0
10	0
11	0
12	0
13	0
14	0
15	0
16	0
17	0
18	0
19	0
20	3
21	3
22	1
23	6
24	4
25	8
26	21
27	71
28	211
29	332
30	334
31	316
32	343
33	365
34	355
35	359
36	373
37	410
38	395
39	410
40	396
41	390
42	391
43	416
44	381
45	470
46	400
47	403
48	400
49	418
50	439
51	475
52	472
53	516
54	508
55	560
56	569
57	617
58	575
59	583
60	554
61	596
62	547
63	527
64	503
65	522
66	463
67	425
68	442
69	379
70	415
71	486
72	526
73	584
74	583
75	591
76	535
77	545
78	551
79	541
80	516
81	517
82	491
83	486
84	491
85	457
86	463
87	439
88	480
89	495
90	442
91	500
92	446
93	509
94	423
95	484
96	446
97	473
98	442
99	438
100	445
101	435
102	392
103	408
104	352
105	360
106	381
107	357
108	318
109	379
110	303
111	334
112	302
113	362
114	365
115	347
116	306
117	346
118	315
119	315
120	353
121	359
122	326
123	336
124	293
125	342
126	359
127	349
128	327
129	344
130	343
131	362
132	335
133	348
134	325
135	341
136	291
137	307
138	287
139	245
140	232
141	222
142	196
143	206
144	170
145	168
146	155
147	139
148	106
149	121
150	135
151	99
152	83
153	110
154	83
155	81
156	78
157	91
158	61
159	74
160	72
161	67
162	83
163	78
164	60
165	67
166	63
167	61
168	44
169	59
170	56
171	53
172	46
173	50
174	48
175	57
176	55
177	60
178	62
179	55
180	71
181	65
182	61
183	99
184	113
185	121
186	154
187	198
188	272
189	350
190	365
191	509
192	610
193	779
194	912
195	1031
196	1102
197	1309
198	1466
199	1558
200	1567
201	1681
202	1656
203	1729
204	1572
205	1587
206	1275
207	1289
208	1074
209	992
210	787
211	649
212	500
213	432
214	290
215	223
216	168
217	133
218	83
219	58
220	45
221	27
222	21
223	11
224	11
225	8
226	14
227	5
228	7
229	8
230	8
231	7
232	7
233	7
234	4
235	4
236	9
237	7
238	5
239	9
240	9
241	3
242	8
243	5
244	6
245	5
246	5
247	3
248	4
249	4
250	2
251	6
252	4
253	7
254	4
255	6
256	13
257	8
258	3
259	5
260	4
261	7
262	7
263	3
264	5
265	6
266	9
267	8
268	7
269	7
270	5
271	4
272	5
273	7
274	6
275	6
276	2
277	9
278	1
279	3
280	7
281	8
282	5
283	5
284	9
285	10
286	6
287	4
288	3
289	6
290	6
291	1
292	3
293	5
294	2
295	2
296	3
297	1
298	4
299	3
300	4
301	2
302	2
303	5
304	2
305	7
306	2
307	2
308	3
309	1
310	1
311	4
312	1
313	2
314	4
315	1
316	4
317	3
318	0
319	2
320	3
321	2
322	1
323	2
324	0
325	6
326	2
327	4
328	2
329	1
330	3
331	3
332	1
333	1
334	2
335	2
336	5
337	2
338	2
339	3
340	5
341	3
342	3
343	3
344	3
345	5
346	4
347	6
348	1
349	2
350	2
351	2
352	5
353	3
354	2
355	4
356	2
357	5
358	2
359	2
360	4
361	1
362	3
363	1
364	3
365	3
366	2
367	0
368	3
369	1
370	2
371	2
372	4
373	3
374	0
375	1
376	0
377	1
378	2
379	2
380	2
381	2
382	1
383	2
384	0
385	1
386	2
387	3
388	3
389	0
390	1
391	0
392	1
393	2
394	5
395	1
396	4
397	3
398	2
399	2
400	0
401	0
402	1
403	3
404	0
405	4
406	1
407	4
408	0
409	1
410	1
411	4
412	2
413	2
414	2
415	2
416	2
417	0
418	1
419	1
420	0
421	1
422	1
423	4
424	1
425	0
426	3
427	1
428	1
429	3
430	2
431	3
432	1
433	3
434	2
435	1
436	2
437	1
438	8
439	1
440	2
441	0
442	3
443	2
444	4
445	1
446	0
447	3
448	0
449	3
450	2
451	1
452	1
453	2
454	0
455	5
456	0
457	1
458	2
459	0
460	0
461	2
462	0
463	0
464	0
465	2
466	0
467	0
468	0
469	0
470	0
471	0
472	0
473	1
474	1
475	0
476	0
477	0
478	0
479	2
480	1
481	1
482	0
483	1
484	0
485	1
486	0
487	0
488	0
489	2
490	0
491	0
492	0
493	0
494	0
495	1
496	0
497	1
498	0
499	0
500	0
501	0
502	0
503	1
504	0
505	0
506	0
507	2
508	0
509	1
510	0
511	1
512	2
513	1
514	0
515	0
516	1
517	0
518	0
519	0
520	0
521	0
522	0
523	1
524	0
525	0
526	0
527	0
528	1
529	0
530	0
531	0
532	0
533	0
534	0
535	1
536	0
537	1
538	0
539	0
540	0
541	1
542	0
543	1
544	1
545	0
546	0
547	0
548	2
549	0
550	0
551	0
552	0
553	0
554	0
555	0
556	0
557	0
558	0
559	0
560	0
561	0
562	0
563	0
564	0
565	0
566	0
567	0
568	0
569	0
570	1
571	1
572	0
573	2
574	0
575	0
576	0
577	0
578	0
579	1
580	0
581	0
582	0
583	0
584	0
585	0
586	0
587	0
588	1
589	0
590	0
591	0
592	1
593	0
594	0
595	0
596	0
597	0
598	0
599	0
600	0
601	0
602	0
603	1
604	0
605	0
606	0
607	1
608	0
609	0
610	0
611	0
612	0
613	0
614	0
615	0
616	0
617	0
618	0
619	0
620	0
621	0
622	0
623	0
624	0
625	2
626	0
627	0
628	0
629	0
630	0
631	0
632	1
633	0
634	0
635	0
636	0
637	1
638	0
639	0
640	0
641	0
642	0
643	0
644	0
645	0
646	0
647	0
648	0
649	0
650	1
651	0
652	0
653	0
654	0
655	0
656	1
657	0
658	0
659	0
660	0
661	0
662	0
663	0
664	0
665	0
666	1
667	0
668	0
669	0
670	1
671	1
672	0
673	0
674	0
675	0
676	0
677	0
678	0
679	0
680	1
681	0
682	0
683	1
684	0
685	1
686	0
687	0
688	0
689	0
690	1
691	0
692	0
693	2
694	0
695	0
696	0
697	0
698	0
699	0
700	0
701	0
702	0
703	1
704	0
705	0
706	0
707	0
708	0
709	0
710	0
711	0
712	0
713	0
714	0
715	0
716	0
717	0
718	0
719	1
720	0
721	0
722	0
723	0
724	0
725	0
726	0
727	0
728	0
729	0
730	0
731	0
732	1
733	0
734	0
735	0
736	0
737	0
738	0
739	0
740	0
741	0
742	0
743	0
744	0
745	0
746	0
747	0
748	0
749	0
750	0
751	0
752	0
753	0
754	0
755	0
756	0
757	0
758	1
759	0
760	0
761	0
762	0
763	0
764	0
765	0
766	1
767	0
768	0
769	0
770	0
771	0
772	0
773	0
774	1
775	0
776	0
777	0
778	0
779	0
780	1
781	0
782	0
783	0
784	0
785	0
786	0
787	0
788	1
789	1
790	0
791	1
792	0
793	0
794	0
795	1
796	0
797	0
798	0
799	0
800	0
801	0
802	0
803	1
804	0
805	0
806	0
807	0
808	0
809	0
810	0
811	0
812	0
813	0
814	0
815	0
816	1
817	0
818	0
819	1
820	0
821	0
822	1
823	0
824	0
825	0
826	0
827	0
828	0
829	0
830	0
831	0
832	0
833	0
834	0
835	0
836	0
837	0
838	0
839	0
840	0
841	0
842	0
843	0
844	0
845	0
846	0
847	0
848	0
849	0
850	1
851	0
852	0
853	0
854	0
855	0
856	0
857	0
858	0
859	0
860	0
861	0
862	0
863	0
864	0
865	0
866	0
867	0
868	0
869	0
870	0
871	0
872	0
873	0
874	0
875	1
876	0
877	0
878	0
879	0
880	0
881	0
882	0
883	0
884	0
885	0
886	0
887	0
888	1
889	0
890	0
891	0
892	0
893	0
894	0
895	0
896	0
897	0
898	0
899	0
900	0
901	0
902	0
903	0
904	0
905	0
906	0
907	0
908	0
909	0
910	0
911	0
912	0
913	0
914	0
915	0
916	0
917	0
918	0
919	0
920	0
921	0
922	0
923	0
924	0
925	0
926	0
927	0
928	0
929	0
930	0
931	0
932	0
933	0
934	0
935	0
936	0
937	0
938	0
939	0
940	0
941	0
942	0
943	0
944	0
945	0
946	0
947	0
948	0
949	0
950	0
951	0
952	0
953	0
954	0
955	0
956	0
957	0
958	0
959	0
960	0
961	0
962	0
963	0
964	0
965	0
966	0
967	0
968	0
969	0
970	0
971	0
972	0
973	0
974	0
975	0
976	0
977	0
978	0
979	0
980	0
981	0
982	0
983	0
984	0
985	0
986	0
987	0
988	0
989	0
990	0
991	0
992	0
993	0
994	0
995	0
996	0
997	0
998	0
999	0
1000	0
1001	0
1002	0
1003	0
1004	0
1005	0
1006	0
1007	0
1008	0
1009	0
1010	0
1011	0
1012	0
1013	0
1014	0
1015	0
1016	0
1017	0
1018	0
1019	0
1020	0
1021	0
1022	0
1023	0
