H	2	1024	"2023-03-14 15:14:30"	60	0.02
0	0
1	0
2	0
3	0
4	0
5	0
6	0
7	0
8	0
9	0
10	0
11	0
12	0
13	0
14	0
15	0
16	0
17	0
18	0
19	0
20	0
21	0
22	0
23	0
24	2
25	2
26	8
27	13
28	14
29	29
30	21
31	23
32	27
33	17
34	22
35	17
36	16
37	18
38	18
39	12
40	22
41	13
42	15
43	14
44	24
45	14
46	17
47	8
48	19
49	26
50	13
51	14
52	14
53	14
54	16
55	13
56	16
57	7
58	15
59	11
60	14
61	15
62	9
63	13
64	6
65	8
66	12
67	12
68	17
69	14
70	14
71	11
72	11
73	4
74	10
75	8
76	13
77	11
78	18
79	10
80	8
81	10
82	6
83	7
84	11
85	6
86	6
87	2
88	5
89	6
90	10
91	7
92	3
93	8
94	7
95	7
96	6
97	11
98	8
99	5
100	5
101	6
102	5
103	6
104	5
105	3
106	2
107	13
108	4
109	7
110	6
111	6
112	8
113	9
114	9
115	6
116	7
117	5
118	6
119	4
120	10
121	2
122	5
123	4
124	8
125	3
126	2
127	7
128	2
129	10
130	2
131	3
132	3
133	4
134	9
135	9
136	8
137	2
138	4
139	9
140	7
141	5
142	5
143	5
144	4
145	4
146	8
147	3
148	3
149	4
150	5
151	3
152	6
153	0
154	4
155	9
156	4
157	1
158	3
159	9
160	4
161	2
162	2
163	6
164	5
165	6
166	4
167	4
168	5
169	6
170	4
171	5
172	1
173	5
174	3
175	3
176	0
177	7
178	2
179	3
180	4
181	7
182	3
183	3
184	1
185	2
186	4
187	4
188	0
189	5
190	3
191	3
192	5
193	2
194	2
195	4
196	4
197	4
198	6
199	2
200	2
201	6
202	3
203	5
204	4
205	4
206	4
207	2
208	5
209	5
210	5
211	1
212	3
213	3
214	6
215	5
216	5
217	2
218	3
219	1
220	2
221	2
222	3
223	5
224	1
225	4
226	5
227	7
228	2
229	1
230	1
231	4
232	2
233	1
234	4
235	2
236	2
237	2
238	1
239	1
240	1
241	0
242	2
243	2
244	6
245	0
246	1
247	1
248	1
249	4
250	2
251	0
252	2
253	2
254	0
255	3
256	2
257	0
258	0
259	2
260	2
261	3
262	1
263	1
264	4
265	5
266	1
267	5
268	1
269	2
270	1
271	1
272	3
273	4
274	4
275	1
276	4
277	0
278	0
279	3
280	1
281	3
282	2
283	2
284	1
285	3
286	1
287	1
288	2
289	1
290	3
291	1
292	2
293	0
294	2
295	2
296	4
297	1
298	0
299	1
300	1
301	2
302	4
303	0
304	4
305	2
306	2
307	1
308	1
309	2
310	2
311	1
312	1
313	2
314	0
315	2
316	3
317	1
318	3
319	2
320	1
321	6
322	0
323	1
324	0
325	2
326	3
327	0
328	1
329	0
330	0
331	1
332	2
333	1
334	3
335	1
336	3
337	0
338	2
339	1
340	1
341	0
342	0
343	1
344	1
345	3
346	1
347	1
348	0
349	3
350	0
351	0
352	4
353	2
354	2
355	1
356	0
357	0
358	1
359	0
360	4
361	3
362	3
363	1
364	1
365	1
366	0
367	0
368	0
369	1
370	2
371	1
372	0
373	3
374	1
375	2
376	0
377	1
378	1
379	2
380	1
381	0
382	1
383	0
384	1
385	0
386	1
387	2
388	0
389	1
390	1
391	0
392	1
393	1
394	2
395	2
396	3
397	0
398	1
399	0
400	0
401	0
402	1
403	1
404	1
405	1
406	2
407	1
408	2
409	0
410	0
411	0
412	1
413	0
414	0
415	0
416	1
417	0
418	2
419	1
420	2
421	2
422	0
423	1
424	4
425	1
426	1
427	5
428	2
429	2
430	1
431	0
432	2
433	1
434	3
435	3
436	1
437	2
438	2
439	3
440	1
441	4
442	3
443	2
444	2
445	2
446	3
447	4
448	4
449	0
450	1
451	0
452	1
453	1
454	1
455	0
456	0
457	1
458	0
459	0
460	0
461	0
462	2
463	0
464	1
465	0
466	0
467	1
468	3
469	0
470	0
471	0
472	0
473	1
474	0
475	0
476	0
477	1
478	0
479	1
480	0
481	3
482	0
483	0
484	0
485	0
486	1
487	1
488	0
489	0
490	0
491	0
492	1
493	0
494	0
495	0
496	0
497	0
498	0
499	0
500	1
501	1
502	0
503	0
504	0
505	0
506	1
507	0
508	1
509	0
510	0
511	2
512	0
513	0
514	0
515	0
516	0
517	0
518	0
519	0
520	0
521	2
522	0
523	1
524	0
525	0
526	0
527	0
528	0
529	1
530	1
531	0
532	0
533	0
534	0
535	1
536	0
537	0
538	0
539	0
540	0
541	1
542	0
543	1
544	0
545	0
546	0
547	0
548	0
549	1
550	0
551	0
552	1
553	2
554	1
555	0
556	0
557	0
558	1
559	1
560	0
561	0
562	0
563	0
564	0
565	0
566	0
567	0
568	0
569	0
570	1
571	0
572	0
573	0
574	0
575	1
576	0
577	0
578	1
579	0
580	0
581	0
582	0
583	0
584	0
585	0
586	0
587	0
588	1
589	0
590	0
591	1
592	0
593	0
594	0
595	0
596	0
597	0
598	1
599	0
600	0
601	1
602	1
603	0
604	0
605	2
606	0
607	0
608	0
609	0
610	0
611	0
612	1
613	0
614	0
615	0
616	0
617	0
618	0
619	0
620	1
621	0
622	0
623	1
624	0
625	0
626	0
627	1
628	0
629	0
630	0
631	0
632	0
633	0
634	1
635	0
636	0
637	0
638	0
639	0
640	0
641	0
642	1
643	0
644	1
645	0
646	1
647	0
648	1
649	1
650	1
651	0
652	0
653	1
654	0
655	1
656	0
657	0
658	0
659	0
660	0
661	0
662	0
663	0
664	1
665	0
666	0
667	0
668	0
669	0
670	0
671	0
672	0
673	0
674	0
675	0
676	1
677	0
678	0
679	0
680	0
681	0
682	0
683	0
684	0
685	0
686	0
687	0
688	0
689	0
690	0
691	0
692	0
693	1
694	0
695	0
696	0
697	0
698	0
699	0
700	0
701	0
702	0
703	0
704	0
705	0
706	1
707	0
708	0
709	0
710	1
711	0
712	0
713	0
714	0
715	0
716	0
717	1
718	0
719	0
720	0
721	0
722	0
723	0
724	0
725	0
726	0
727	0
728	2
729	1
730	0
731	0
732	0
733	0
734	0
735	0
736	0
737	1
738	0
739	0
740	0
741	0
742	0
743	0
744	0
745	0
746	0
747	0
748	1
749	0
750	0
751	0
752	1
753	0
754	0
755	0
756	0
757	0
758	0
759	0
760	0
761	0
762	0
763	0
764	1
765	1
766	0
767	0
768	0
769	0
770	1
771	0
772	0
773	0
774	0
775	0
776	0
777	0
778	1
779	0
780	0
781	0
782	1
783	0
784	0
785	0
786	0
787	0
788	0
789	0
790	0
791	0
792	0
793	0
794	0
795	0
796	0
797	1
798	0
799	0
800	0
801	0
802	0
803	0
804	0
805	0
806	0
807	0
808	0
809	0
810	0
811	0
812	0
813	0
814	0
815	0
816	0
817	0
818	0
819	0
820	0
821	0
822	0
823	0
824	0
825	0
826	0
827	0
828	0
829	0
830	0
831	0
832	0
833	0
834	0
835	0
836	0
837	0
838	0
839	0
840	0
841	0
842	0
843	0
844	0
845	0
846	0
847	0
848	0
849	0
850	0
851	0
852	0
853	0
854	0
855	0
856	0
857	0
858	0
859	0
860	0
861	0
862	0
863	0
864	0
865	0
866	0
867	0
868	0
869	0
870	0
871	0
872	0
873	0
874	0
875	0
876	0
877	0
878	0
879	0
880	0
881	0
882	0
883	0
884	0
885	0
886	0
887	0
888	0
889	0
890	0
891	0
892	0
893	0
894	0
895	0
896	0
897	0
898	0
899	0
900	0
901	0
902	0
903	0
904	0
905	0
906	0
907	0
908	0
909	0
910	0
911	0
912	0
913	0
914	0
915	0
916	0
917	0
918	0
919	0
920	0
921	0
922	0
923	0
924	0
925	0
926	0
927	0
928	0
929	0
930	0
931	0
932	0
933	0
934	0
935	0
936	0
937	0
938	0
939	0
940	0
941	0
942	0
943	0
944	0
945	0
946	0
947	0
948	0
949	0
950	0
951	0
952	0
953	0
954	0
955	1
956	0
957	0
958	0
959	0
960	0
961	0
962	0
963	0
964	0
965	1
966	0
967	0
968	0
969	0
970	0
971	0
972	0
973	0
974	0
975	0
976	0
977	0
978	0
979	0
980	0
981	0
982	0
983	0
984	0
985	0
986	0
987	0
988	0
989	0
990	0
991	0
992	0
993	0
994	0
995	0
996	0
997	0
998	0
999	0
1000	0
1001	0
1002	0
1003	0
1004	0
1005	0
1006	0
1007	0
1008	0
1009	0
1010	0
1011	0
1012	0
1013	0
1014	0
1015	0
1016	0
1017	0
1018	0
1019	0
1020	0
1021	0
1022	0
1023	0
