H	2	1024	"2023-03-14 15:25:44"	60	0.05
0	0
1	0
2	0
3	0
4	0
5	0
6	0
7	0
8	0
9	0
10	0
11	0
12	0
13	0
14	0
15	0
16	0
17	0
18	0
19	0
20	0
21	0
22	1
23	1
24	1
25	3
26	9
27	11
28	29
29	25
30	34
31	45
32	26
33	30
34	40
35	24
36	29
37	29
38	33
39	36
40	26
41	36
42	30
43	31
44	38
45	27
46	26
47	41
48	31
49	29
50	33
51	25
52	26
53	31
54	34
55	26
56	36
57	32
58	32
59	22
60	37
61	23
62	26
63	21
64	26
65	35
66	26
67	14
68	22
69	31
70	25
71	32
72	31
73	42
74	41
75	29
76	28
77	27
78	24
79	21
80	18
81	26
82	23
83	32
84	30
85	23
86	34
87	30
88	23
89	32
90	25
91	30
92	10
93	22
94	16
95	27
96	21
97	20
98	12
99	21
100	30
101	33
102	29
103	31
104	34
105	29
106	32
107	29
108	37
109	28
110	20
111	17
112	16
113	11
114	18
115	12
116	18
117	12
118	9
119	11
120	8
121	5
122	4
123	7
124	9
125	11
126	7
127	11
128	8
129	5
130	10
131	3
132	10
133	16
134	3
135	6
136	4
137	11
138	8
139	6
140	4
141	8
142	5
143	9
144	6
145	6
146	10
147	5
148	9
149	9
150	11
151	8
152	5
153	7
154	12
155	8
156	3
157	3
158	3
159	10
160	5
161	13
162	8
163	2
164	4
165	7
166	9
167	2
168	5
169	12
170	7
171	6
172	14
173	3
174	4
175	12
176	8
177	12
178	10
179	13
180	12
181	14
182	10
183	16
184	10
185	17
186	8
187	19
188	12
189	17
190	14
191	15
192	15
193	16
194	9
195	16
196	8
197	7
198	5
199	7
200	4
201	8
202	8
203	7
204	9
205	6
206	3
207	2
208	6
209	3
210	5
211	5
212	5
213	5
214	5
215	3
216	6
217	5
218	5
219	8
220	2
221	2
222	3
223	4
224	5
225	1
226	5
227	7
228	10
229	6
230	8
231	4
232	5
233	8
234	12
235	4
236	6
237	3
238	2
239	2
240	5
241	3
242	7
243	7
244	6
245	3
246	3
247	4
248	1
249	5
250	6
251	4
252	3
253	6
254	3
255	5
256	6
257	3
258	3
259	2
260	4
261	3
262	3
263	6
264	6
265	6
266	3
267	2
268	0
269	4
270	3
271	0
272	3
273	1
274	1
275	3
276	1
277	7
278	6
279	5
280	2
281	3
282	1
283	5
284	2
285	5
286	5
287	5
288	4
289	3
290	1
291	3
292	3
293	5
294	4
295	1
296	3
297	5
298	5
299	1
300	5
301	1
302	5
303	2
304	0
305	2
306	3
307	3
308	4
309	5
310	4
311	3
312	6
313	3
314	3
315	6
316	1
317	5
318	3
319	2
320	3
321	3
322	4
323	1
324	2
325	2
326	6
327	2
328	6
329	4
330	1
331	4
332	0
333	3
334	4
335	3
336	1
337	3
338	8
339	2
340	3
341	2
342	3
343	4
344	6
345	3
346	4
347	5
348	1
349	3
350	8
351	1
352	3
353	3
354	2
355	2
356	2
357	1
358	2
359	4
360	1
361	4
362	2
363	2
364	1
365	0
366	6
367	4
368	1
369	3
370	1
371	2
372	1
373	1
374	3
375	3
376	3
377	1
378	1
379	2
380	3
381	0
382	1
383	1
384	0
385	1
386	2
387	1
388	0
389	0
390	0
391	2
392	3
393	4
394	1
395	2
396	1
397	0
398	0
399	3
400	1
401	2
402	2
403	2
404	1
405	2
406	2
407	2
408	1
409	2
410	2
411	2
412	1
413	2
414	1
415	1
416	3
417	3
418	1
419	1
420	0
421	1
422	3
423	4
424	1
425	0
426	3
427	2
428	3
429	1
430	5
431	5
432	1
433	1
434	0
435	3
436	2
437	4
438	3
439	2
440	2
441	5
442	5
443	3
444	4
445	4
446	1
447	1
448	3
449	1
450	4
451	4
452	2
453	2
454	3
455	0
456	1
457	1
458	0
459	0
460	0
461	2
462	2
463	3
464	2
465	1
466	0
467	1
468	0
469	1
470	0
471	0
472	0
473	1
474	0
475	1
476	0
477	0
478	0
479	0
480	3
481	1
482	0
483	0
484	0
485	0
486	1
487	2
488	2
489	0
490	0
491	0
492	0
493	2
494	1
495	3
496	2
497	0
498	0
499	0
500	0
501	0
502	1
503	0
504	0
505	0
506	1
507	2
508	0
509	0
510	0
511	1
512	2
513	0
514	1
515	0
516	0
517	1
518	3
519	2
520	1
521	1
522	0
523	1
524	0
525	1
526	0
527	0
528	2
529	3
530	1
531	2
532	0
533	1
534	1
535	3
536	2
537	1
538	2
539	0
540	2
541	0
542	0
543	1
544	1
545	1
546	2
547	0
548	1
549	0
550	0
551	0
552	1
553	1
554	0
555	0
556	0
557	0
558	0
559	0
560	0
561	0
562	1
563	0
564	0
565	0
566	0
567	0
568	0
569	0
570	0
571	1
572	0
573	0
574	0
575	0
576	0
577	0
578	0
579	0
580	0
581	0
582	0
583	0
584	0
585	0
586	0
587	0
588	0
589	0
590	1
591	0
592	0
593	0
594	1
595	0
596	1
597	1
598	0
599	0
600	0
601	0
602	0
603	1
604	0
605	0
606	0
607	0
608	0
609	0
610	0
611	0
612	1
613	0
614	0
615	0
616	1
617	1
618	0
619	0
620	0
621	0
622	0
623	0
624	0
625	0
626	0
627	0
628	0
629	0
630	0
631	0
632	0
633	0
634	0
635	0
636	0
637	0
638	0
639	0
640	0
641	0
642	0
643	1
644	0
645	1
646	1
647	0
648	0
649	0
650	1
651	0
652	0
653	0
654	0
655	1
656	1
657	0
658	1
659	0
660	0
661	0
662	0
663	1
664	1
665	1
666	0
667	1
668	1
669	0
670	0
671	1
672	0
673	1
674	1
675	0
676	0
677	0
678	0
679	0
680	0
681	0
682	0
683	0
684	1
685	1
686	0
687	0
688	1
689	1
690	0
691	0
692	0
693	0
694	0
695	0
696	1
697	0
698	0
699	0
700	0
701	0
702	0
703	0
704	0
705	1
706	0
707	0
708	0
709	0
710	0
711	0
712	0
713	0
714	0
715	0
716	0
717	0
718	0
719	0
720	0
721	0
722	0
723	0
724	0
725	0
726	0
727	0
728	0
729	1
730	0
731	0
732	1
733	0
734	0
735	0
736	0
737	0
738	0
739	0
740	1
741	0
742	0
743	0
744	0
745	1
746	0
747	0
748	0
749	0
750	0
751	0
752	0
753	0
754	0
755	0
756	0
757	0
758	0
759	0
760	0
761	0
762	0
763	0
764	1
765	1
766	0
767	0
768	0
769	1
770	0
771	0
772	0
773	0
774	1
775	0
776	0
777	0
778	0
779	0
780	0
781	1
782	0
783	0
784	0
785	0
786	0
787	0
788	0
789	0
790	0
791	0
792	0
793	0
794	0
795	0
796	0
797	0
798	0
799	0
800	0
801	0
802	0
803	0
804	0
805	0
806	0
807	0
808	0
809	0
810	0
811	0
812	0
813	0
814	0
815	0
816	0
817	0
818	0
819	0
820	0
821	0
822	0
823	0
824	0
825	0
826	0
827	0
828	0
829	0
830	0
831	0
832	0
833	0
834	0
835	0
836	0
837	0
838	0
839	0
840	0
841	0
842	0
843	0
844	0
845	0
846	0
847	0
848	0
849	0
850	0
851	0
852	0
853	0
854	0
855	0
856	0
857	0
858	0
859	0
860	0
861	0
862	0
863	0
864	0
865	0
866	0
867	0
868	0
869	0
870	0
871	0
872	0
873	0
874	0
875	0
876	0
877	0
878	0
879	0
880	0
881	0
882	0
883	0
884	0
885	0
886	0
887	0
888	0
889	0
890	0
891	0
892	0
893	0
894	0
895	0
896	0
897	0
898	0
899	0
900	0
901	0
902	0
903	0
904	0
905	0
906	0
907	0
908	0
909	0
910	0
911	0
912	0
913	0
914	0
915	0
916	0
917	0
918	0
919	0
920	0
921	0
922	0
923	0
924	0
925	0
926	0
927	0
928	0
929	0
930	0
931	0
932	0
933	0
934	1
935	0
936	0
937	0
938	0
939	0
940	0
941	0
942	0
943	0
944	0
945	0
946	0
947	0
948	0
949	0
950	0
951	0
952	0
953	0
954	0
955	0
956	0
957	0
958	0
959	0
960	0
961	0
962	0
963	0
964	0
965	0
966	0
967	0
968	0
969	0
970	0
971	0
972	0
973	0
974	0
975	0
976	0
977	0
978	0
979	0
980	0
981	0
982	0
983	0
984	0
985	0
986	0
987	0
988	0
989	0
990	0
991	0
992	0
993	0
994	0
995	0
996	0
997	0
998	0
999	0
1000	0
1001	0
1002	0
1003	0
1004	0
1005	0
1006	0
1007	0
1008	0
1009	0
1010	0
1011	1
1012	0
1013	0
1014	0
1015	0
1016	0
1017	0
1018	0
1019	0
1020	0
1021	0
1022	0
1023	0
